mean_test_ap=0.702110
std_test_ap=0.010596
