mean_test_ap=0.967708
std_test_ap=0.001476
