mean_test_ap=0.984626
std_test_ap=0.000778
