mean_test_ap=0.981277
std_test_ap=0.000775
