mean_test_ap=0.986607
std_test_ap=0.000223
