mean_test_ap=0.648014
std_test_ap=0.063469
