mean_test_ap=0.717490
std_test_ap=0.010119
