mean_test_ap=0.975146
std_test_ap=0.000785
