mean_test_ap=0.867147
std_test_ap=0.006165
