mean_test_ap=0.979067
std_test_ap=0.000399
