mean_test_ap=0.779849
std_test_ap=0.014933
