mean_test_ap=0.609103
std_test_ap=0.072638
