mean_test_ap=0.805177
std_test_ap=0.020780
